anc_node,anc_trait
67,4.79998445490498
68,-5.63742560220556e+113
69,4.75274626740913e+113
70,2.69645968170942
71,2.69645968170942
72,2.69645968170942
73,2.69645968170942
74,2.69645968170942
75,2.69645968170942
76,2.69645968170942
77,2.69645968170942
78,2.69645968170942
79,2.69645968170942
80,2.69645968170942
81,2.69645968170942
82,2.69645968170942
83,2.69645968170942
84,2.69645968170942
85,2.69645968170942
86,2.69645968170942
87,2.69645968170942
88,2.69645968170942
89,2.69645968170942
90,2.69645968170942
91,2.69645968170942
92,2.69645968170942
93,2.69645968170942
94,2.69645968170942
95,2.69645968170942
96,2.69645968170942
97,2.69645968170942
98,2.69645968170942
99,2.69645968170942
100,2.69645968170942
101,2.69645968170942
102,2.69645968170942
103,2.69645968170942
104,2.69645968170942
105,2.69645968170942
106,2.69645968170942
107,2.69645968170942
108,2.69645968170942
109,2.69645968170942
110,2.69645968170942
111,2.69645968170942
112,2.69645968170942
113,2.69645968170942
114,2.69645968170942
115,2.69645968170942
116,2.69645968170942
117,2.69645968170942
118,2.69645968170942
119,2.69645968170942
120,2.69645968170942
121,2.69645968170942
122,2.69645968170942
123,2.69645968170942
124,2.69645968170942
125,2.69645968170942
126,2.69645968170942
127,2.69645968170942
128,2.69645968170942
129,2.69645968170942
130,2.69645968170942
131,2.69645968170942
