anc_node,anc_trait
67,4.67528194304065
68,215251887.842223
69,-121478628.873997
70,-6526990.81717936
71,368442.71959051
72,33.5881042965057
73,5.39291936341884
74,4.41861264248868
75,4.4139241222137
76,25.8837664432718
77,4.35541436869862
78,4.39228002840948
79,4.06180572171561
80,7.80498681307297
81,-6.89922055532373e+21
82,2.69645968170942
83,2.69645968170942
84,2.69645968170942
85,2.69645968170942
86,2.69645968170942
87,2.69645968170942
88,2.69645968170942
89,2.69645968170942
90,2.69645968170942
91,2.69645968170942
92,2.69645968170942
93,2.69645968170942
94,2.69645968170942
95,2.69645968170942
96,2.69645968170942
97,2.69645968170942
98,2.69645968170942
99,2.69645968170942
100,2.69645968170942
101,7.69613944842319
102,2.69645968170942
103,-22.3356935643575
104,2.69645968170942
105,2.73250244723032
106,2.69645968170942
107,2.77019100113116
108,2.69645968170942
109,3.23693658568487
110,2.69645968170942
111,2.8439223205529
112,2.69645968170942
113,2.69645968170942
114,2.69645968170942
115,2.73069208001237
116,2.69645968170942
117,2.66881043692627
118,2.69645968170942
119,3.14411412105571
120,2.69645968170942
121,2.72805881860445
122,2.69645968170942
123,3438519896013456384
124,2.69645968170942
125,2.34138083873529
126,2.69645968170942
127,2.69645968170942
128,2.69645968170942
129,-411.322901612632
130,2.69645968170942
131,2.69645968170942
