anc_node,anc_trait
67,4.79911850196094
68,1048.18653054342
69,304.57546180923
70,2.73859186423613
71,4.7674635911001
72,1.32704724649763
73,1.19685144464003
74,4.52856334654172
75,3.32844241961007
76,4.73194666948627
77,4.67140573764894
78,3.7418644606534
79,3.8366618713385
80,7.08640860111942
81,2.69273608549978
82,140.685348918116
83,2.69201605308356
84,4.1500199788809
85,4.0088253828657
86,3.69709901671878
87,3.39361563945607
88,3.37847438636053
89,3.84456165556226
90,4.13948693324923
91,4.14253164175213
92,3.96042515751071
93,4.12697894156161
94,4.09735475072252
95,4.62394281752023
96,4.19763945099934
97,3.20204587202994
98,2.78072404676284
99,-2.26274636784843
100,1.61550587375852
101,2.80837329154599
102,4.18161911577594
103,2.60627047848818
104,2.48053224626003
105,2.69555449810045
106,2.67539359044607
107,2.94661951546176
108,2.91370374786277
109,4.61018240991481
110,4.06180572171561
111,3.02166746558746
112,2.97031886813303
113,2.69645968170942
114,2.32253656178487
115,3.33239231172194
116,2.66111637625
117,2.64774434566291
118,2.52793095160258
119,2.59112922539265
120,2.57401302624117
121,2.36203548290366
122,2.63852793073519
123,2.69832147981424
124,2.12767521759884
125,2.10706171813997
126,2.42556291436972
127,2.38687814820818
128,1.68528730106839
129,1.93808039622865
130,1.1533363892756
131,2.10883094064842
