anc_node,anc_trait
67,4.8414536401213
68,-158927.395518821
69,170664.665935895
70,2.10660912633548
71,5.43505154594555
72,5.39291936341884
73,5.39291936341884
74,5.39291936341884
75,5.39291936341884
76,4.19807699957543
77,4.20136857633533
78,4.18425237718386
79,3.7059862739705
80,4.20531846844721
81,972.856183185536
82,-6850.5374032463
83,2.45419963218084
84,2.71752577297277
85,4.98213058378342
86,3.73396467642965
87,3.74976424487716
88,3.60230160603368
89,3.88011068456917
90,2.91897027067861
91,4.0065072321493
92,3.73396467642965
93,4.7609366255182
94,3.77873012036428
95,4.81491848438054
96,3.90249340653649
97,3.35938324115312
98,3.37057460213678
99,3.10724846134484
100,2.67539359044607
101,2.69645968170942
102,4.45547830219955
103,1.09181601125856
104,1.142835451037
105,2.69645968170942
106,2.77019100113116
107,3.19612103386212
108,3.77083033614052
109,2.08850545415604
110,3.07564932444981
111,2.88737113378357
112,2.90975385575089
113,2.69645968170942
114,2.75702469409157
115,2.69316810494952
116,2.68855989748566
117,2.6905348435416
118,2.77019100113116
119,1.76560177400993
120,1.93808039622865
121,2.69645968170942
122,1.19550067919539
123,2.59913009087568
124,2.40745924219027
125,2.69645968170942
126,0.895308878692581
127,2.50311238677491
128,2.38968472768682
129,2.69645968170942
130,1.01117238064103
131,3.15464716668739
