anc_node,anc_trait
67,4.69704801523048
68,4.59123126822025
69,4.5901805955285
70,4.58847308026651
71,4.5884887849998
72,4.43511049053509
73,4.41516506838727
74,2.94517160277531
75,3.00140402764747
76,4.34823433258929
77,4.57134080049414
78,4.44108215658887
79,5.48478485318437
80,4.4936708880209
81,4.58282732351336
82,4.68489209328481
83,4.33471507659383
84,3.11778150697652
85,3.11773586881347
86,3.10461519993692
87,2.86498841181626
88,2.69645968170942
89,3.17206418648798
90,2.69645968170942
91,3.14775106984463
92,2.45946615499668
93,3.1116920899707
94,3.10593183064088
95,3.15464716668739
96,2.77078759941889
97,2.46999920062836
98,2.48579876907587
99,2.59112922539265
100,1.74231017521317
101,2.6612398103785
102,4.43343674359661
103,2.51139351262169
104,2.78072404676284
105,2.69645968170942
106,2.5437305200501
107,2.87947134955982
108,4.36330359050488
109,3.71540928150339
110,2.69645968170942
111,2.612195316656
112,2.57664628764909
113,3.18624630358242
114,2.69645968170942
115,2.68345795350782
116,2.64683916205394
117,2.63852793073519
118,2.49633181470755
119,2.49258310921318
120,2.44860876595779
121,3.16978841978292
122,2.74451670240395
123,2.80705666084203
124,2.86762167322418
125,2.69645968170942
126,2.13492481714127
127,2.00463055790231
128,1.80303890702834
129,2.26987133362648
130,1.19721658576112
131,4.68581229672718
