anc_node,anc_trait
67,274.722913472115
68,168.914100321343
69,186.092267649456
70,210.431568633737
71,231.366722037553
72,545.045738552426
73,164.06524130688
74,95.2529629382548
75,149.437273194359
76,114.429444019042
77,157.130723205091
78,196.719611232366
79,491.532522994996
80,105.019455249927
81,198.92114492012
82,187.166453576958
83,128.685898954743
84,116.483518217424
85,140.608489951035
86,180.805025696876
87,264.347186110502
88,177.053008499817
89,220.835327261969
90,327.025175889449
91,169.06009592715
92,234.78470013855
93,204.074118657771
94,253.629450935133
95,198.565663826139
96,201.08849691591
97,89.1137283677923
98,102.117649056959
99,104.005193843676
100,265.194515940292
101,10.6633339707167
102,129.332494035908
103,86.0752469481806
104,80.4250868731035
105,83.7562715453138
106,83.5099290388349
107,75.5294682519302
108,68.0362283488292
109,33.3614906415614
110,28.5458386419087
111,72.1209073185666
112,70.4239744145656
113,49.2544750068777
114,64.4530683376047
115,73.554075333153
116,74.5391964967175
117,28.2826526989723
118,15.7043009147463
119,36.1297900761864
120,75.9388314722374
121,74.5954293450451
122,60.106617278612
123,57.7093871615963
124,77.8671587022839
125,73.5406385505358
126,71.4054932217372
127,26.3374213257725
128,62.3359283066788
129,47.9898089961771
130,28.7912183437016
131,109.093121609665
