anc_node,anc_trait
67,289.010643717028
68,269.489303256118
69,261.553379840093
70,229.751485147553
71,218.258128274155
72,218.500577858944
73,612.01400718048
74,227.035339414512
75,178.346685373644
76,260.980370088762
77,261.076103543813
78,257.097049486104
79,249.389464429246
80,356.187355680831
81,267.457255067525
82,252.825543212512
83,230.47765330002
84,177.066102629896
85,162.549858966601
86,124.46863995445
87,153.022979532633
88,83.6744783113828
89,90.6044768150237
90,306.43679214682
91,84.0834444810376
92,164.146918552362
93,138.087427183961
94,240.850353779099
95,212.685513660888
96,128.530036424251
97,92.6186236803424
98,162.665925625326
99,177.812860541542
100,158.436309136484
101,85.0649632882093
102,228.36670913527
103,94.4701196931788
104,89.310983182594
105,73.2870039764226
106,70.6570285704912
107,70.8664576616967
108,113.747862818815
109,127.972895677204
110,72.0591550751755
111,83.7562715453138
112,67.5612112269816
113,127.603028505256
114,68.3791435662913
115,81.1388880595227
116,83.101925673866
117,83.7971681622792
118,75.0773622329669
119,56.8377012759797
120,62.9398935098818
121,80.1573692523511
122,60.1998201731943
123,47.2066630854175
124,56.4997615699489
125,39.5493898094277
126,44.8732900843521
127,23.3928649042576
128,26.7746165575208
129,-52.4004314594154
130,-54.2289140962334
131,83.7562715453138
