anc_node,anc_trait
67,298.427317375878
68,269.961384244896
69,235.249601002899
70,189.650318567835
71,193.325561685692
72,226.004399311601
73,586.858726913956
74,156.998548678882
75,49.2435894753187
76,181.120594410206
77,157.798434280638
78,97.7323468046805
79,189.429531571703
80,324.240639519795
81,227.138314234529
82,187.46947815071
83,145.466041544454
84,123.869954897966
85,129.373338877648
86,167.905343377244
87,265.868132038828
88,186.030648071549
89,146.355467728492
90,234.400127157115
91,150.181327556805
92,284.880135825356
93,221.046071931432
94,255.2392884272
95,136.093806114454
96,132.38740787859
97,123.410664730049
98,124.200691685305
99,82.3352254761261
100,63.798722466157
101,46.5744750506991
102,132.44125248494
103,91.2723927537304
104,89.8740490581888
105,89.1917883251883
106,87.0893458280008
107,81.8545788564187
108,46.8138674107938
109,33.6170191456289
110,76.6407056747713
111,65.9069562222201
112,65.4345871447764
113,66.8071798516805
114,79.9937827844891
115,86.3499189275391
116,41.544832728219
117,17.9838370903707
118,33.5556742201806
119,63.2262764602537
120,32.0629477009404
121,59.5099767780114
122,64.1258954018808
123,52.1103086801636
124,65.1505382332778
125,62.8598822017587
126,81.946596244591
127,80.5179722519705
128,66.0181168711721
129,25.5017849501998
130,34.0259853152837
131,17.6655566032817
