anc_node,anc_trait
67,292.746748265642
68,286.190422216865
69,280.11008454125
70,266.004868810712
71,262.709147047915
72,256.170299585192
73,525.342897787315
74,264.072702823078
75,253.937317566869
76,258.912381527621
77,243.601560051994
78,281.403426331373
79,260.278860838191
80,224.159337994014
81,278.368682381017
82,261.826396494308
83,261.123642025184
84,257.93997543318
85,177.560628022989
86,146.638824080532
87,137.658023314382
88,106.407016613342
89,88.8274520490339
90,244.512942460942
91,126.083898298018
92,184.070179132431
93,235.71114240833
94,198.374026301554
95,177.54793620884
96,172.227901388409
97,172.434628573375
98,112.851471579857
99,241.438038262593
100,92.9171137455824
101,83.6744783113828
102,270.7969518891
103,104.294648483629
104,-20.4345309489368
105,80.4231972626267
106,78.5215045737316
107,78.5215045737316
108,173.02261463537
109,199.589720222663
110,82.1204068666943
111,83.020132439935
112,72.3052187949779
113,143.115713073533
114,74.922602280769
115,72.7959781985637
116,67.2749349082232
117,73.2867376021495
118,66.5796924198099
119,79.1758504451794
120,76.7220534272503
121,83.7562715453138
122,83.3064087586934
123,78.9322080508455
124,82.4475798024182
125,86.077154558105
126,-40.1749454377391
127,-9.0260910424156
128,67.1587312547868
129,74.5954293450451
130,-40.1119609293515
131,344.069546254692
