anc_node,anc_trait
67,296.917814527012
68,244.101964575589
69,225.170149215258
70,170.994806155223
71,193.99741589085
72,232.2709631832
73,363.305358906686
74,193.496897783526
75,139.743740171063
76,155.584200061776
77,123.414470667409
78,152.13374777383
79,257.381944592881
80,378.32967244011
81,271.624037386269
82,194.447980714428
83,161.871066452182
84,148.476931410033
85,187.751075285887
86,182.639046104185
87,164.699312510643
88,92.9146282227343
89,94.9677218899972
90,99.4409903091754
91,228.529406980351
92,294.677024045944
93,228.129476806388
94,282.080492848929
95,177.479078785903
96,174.898615891763
97,136.736377339161
98,232.836821196284
99,128.138598732867
100,137.443587529603
101,125.989966884083
102,182.643242992666
103,85.0649632882093
104,84.3915617935954
105,91.0388112900451
106,81.2430353982653
107,70.2214149110034
108,11.8106728982139
109,27.6052164517025
110,80.3071620980602
111,75.7139158747588
112,72.8164265070465
113,38.138072256389
114,79.5064262320433
115,87.5453679748751
116,83.101925673866
117,71.4054932217372
118,68.1460248619675
119,50.2510229237432
120,59.3034974510936
121,45.1577238876129
122,45.181592832172
123,68.571099191622
124,49.2823470246749
125,16.2731842390955
126,36.7752544000731
127,38.1442027551236
128,52.4163401629148
129,23.4076669634986
130,19.0407025405984
131,225.180006750199
