anc_node,anc_trait
67,259.19510363878
68,212.8331100755
69,172.801175329898
70,135.812781115022
71,138.303464588055
72,209.472930429844
73,633.013985538635
74,135.462015311991
75,110.297137623752
76,141.431994952462
77,109.445738241725
78,110.166848156968
79,417.186735242607
80,144.375240875737
81,203.44458575608
82,179.930618061506
83,93.5322619563172
84,96.7491145885579
85,83.7562715453138
86,269.418881494953
87,210.084220686668
88,112.893281468901
89,280.713111352614
90,203.017264067178
91,110.576410451068
92,244.019393445706
93,193.380401653692
94,164.138047649923
95,103.188550471035
96,100.553868610555
97,97.4437125777921
98,108.489058789808
99,148.872792784985
100,84.1745577869904
101,49.1397218227374
102,136.414348915031
103,96.0379746194861
104,83.7562715453138
105,83.824715732965
106,83.7562715453137
107,76.8055402424633
108,21.2253442050868
109,22.8093093633778
110,72.8061396862561
111,70.7231656343423
112,57.2235860610047
113,61.8322976892496
114,76.190397406699
115,77.3952731820466
116,43.8759186781347
117,26.4891204748373
118,38.3266967553555
119,81.5889585125754
120,76.8856398951122
121,83.4290986095899
122,66.71106859349
123,64.0661294745575
124,58.0977583945493
125,57.1410310572522
126,90.1327566293653
127,82.1971193567792
128,66.5258809018262
129,35.198220140653
130,15.0499550432986
131,132.918276715825
