anc_node,anc_trait
67,285.039007935489
68,-1519882341.32879
69,484441333.450648
70,111.157004912189
71,100.605677735094
72,287.027794095137
73,431.009446199249
74,282.759209699365
75,355.548797801528
76,264.45797360731
77,264.192145597035
78,251.268814635941
79,251.268814635941
80,394.072672128118
81,-14658258.2122682
82,-194109991.814601
83,196066.262797289
84,88.9910385168958
85,83.7562715453138
86,83.7562715453138
87,83.7562715453138
88,83.7562715453138
89,83.7562715453138
90,83.7562715453138
91,83.7562715453138
92,83.7562715453138
93,83.7562715453138
94,83.7562715453138
95,83.7562715453138
96,83.7562715453138
97,83.7562715453138
98,83.7562715453138
99,83.7562715453138
100,83.7562715453138
101,102.359120187489
102,583.676517331405
103,79.053160594283
104,83.7562715453138
105,81.1388880595227
106,83.7562715453138
107,85.801102393588
108,83.7562715453138
109,240.656142533398
110,83.7562715453138
111,83.7562715453138
112,83.7562715453138
113,82.0386136327634
114,83.7562715453138
115,83.7562715453138
116,83.7562715453138
117,83.4699952265554
118,83.7562715453138
119,83.6806687172711
120,83.7562715453138
121,95.2891175295806
122,83.7562715453138
123,85.3786737149251
124,83.7562715453138
125,85.0649632882093
126,83.7562715453138
127,81.8909905363555
128,83.7562715453138
129,77.6907920416202
130,83.7562715453138
131,286.457839606643
