anc_node,anc_trait
67,304.494760739709
68,244.378712029709
69,223.093000251626
70,191.733956127554
71,197.004091740586
72,199.902663727292
73,530.011405557286
74,196.569589444605
75,238.047510672016
76,136.898855378421
77,119.521547510609
78,86.2852204251698
79,304.649243481185
80,112.847366067726
81,245.537074044132
82,275.658202715137
83,240.71523466125
84,238.5709002537
85,227.39252396217
86,83.7562715453138
87,94.225805488478
88,132.538594969698
89,102.821161953307
90,345.992668134207
91,116.016853882551
92,173.663386480851
93,223.044436631756
94,158.66419957657
95,215.624156795854
96,212.54120691224
97,167.013795837404
98,241.390864128653
99,40.2422710940375
100,156.337348190485
101,149.395069686844
102,225.119706621503
103,126.711416256134
104,95.4423082829195
105,83.7562715453138
106,83.7562715453138
107,69.9142102172395
108,72.9329991784095
109,46.7585560932294
110,73.2867376021495
111,61.1530583697462
112,55.292226137336
113,55.6157047351999
114,50.4664253354088
115,27.937043548753
116,6.70704518233958
117,79.1877867115534
118,76.8378948296164
119,60.8128292700048
120,73.0674442237726
121,39.8605046442873
122,65.1947354184987
123,83.101925673866
124,39.7515116904516
125,10.6180770363313
126,104.6626149868
127,45.6671380122597
128,-6.91484245201427
129,-52.8251203707798
130,-78.6417540539695
131,221.00296126541
