anc_node,anc_trait
67,283.224326533567
68,-1.03000234652201e+109
69,1.98697617012673e+108
70,83.7562715453138
71,83.7562715453138
72,83.7562715453138
73,83.7562715453138
74,83.7562715453138
75,83.7562715453138
76,83.7562715453138
77,83.7562715453138
78,83.7562715453138
79,83.7562715453138
80,83.7562715453138
81,83.7562715453138
82,83.7562715453138
83,83.7562715453138
84,83.7562715453138
85,83.7562715453138
86,83.7562715453138
87,83.7562715453138
88,83.7562715453138
89,83.7562715453138
90,83.7562715453138
91,83.7562715453138
92,83.7562715453138
93,83.7562715453138
94,83.7562715453138
95,83.7562715453138
96,83.7562715453138
97,83.7562715453138
98,83.7562715453138
99,83.7562715453138
100,83.7562715453138
101,83.7562715453138
102,83.7562715453138
103,83.7562715453138
104,83.7562715453138
105,83.7562715453138
106,83.7562715453138
107,83.7562715453138
108,83.7562715453138
109,83.7562715453138
110,83.7562715453138
111,83.7562715453138
112,83.7562715453138
113,83.7562715453138
114,83.7562715453138
115,83.7562715453138
116,83.7562715453138
117,83.7562715453138
118,83.7562715453138
119,83.7562715453138
120,83.7562715453138
121,83.7562715453138
122,83.7562715453138
123,83.7562715453138
124,83.7562715453138
125,83.7562715453138
126,83.7562715453138
127,83.7562715453138
128,83.7562715453138
129,83.7562715453138
130,83.7562715453138
131,83.7562715453138
