anc_node,anc_trait
67,290.238405042581
68,336.798323255875
69,283.986108208329
70,286.705733236534
71,286.736621779546
72,286.950825803078
73,466.323146617413
74,286.201554630507
75,327.872246590015
76,289.220875179912
77,269.67229227041
78,214.349393670349
79,219.083177084104
80,248.259342504987
81,290.228362755394
82,1746.54285252566
83,81.5478542291775
84,292.257683815477
85,259.407241412073
86,259.028947705142
87,169.680063789798
88,159.660392633254
89,192.868445609228
90,259.120965093314
91,268.445393761445
92,270.899190779374
93,265.631253473876
94,264.192145597035
95,288.364943164518
96,235.073754317609
97,232.892494911177
98,214.625445834867
99,271.880709586546
100,109.275760531777
101,42.9031072353544
102,271.138776599404
103,238.836243078434
104,96.1070498688903
105,54.6787768828538
106,61.3244771397451
107,74.759015812907
108,51.4479441425804
109,264.253490522483
110,257.812273350419
111,72.3256671034606
112,71.6508729235301
113,79.6257132317997
114,255.194889864628
115,41.632756070864
116,48.5033877210655
117,62.6127205741579
118,39.2607522868658
119,77.8671587022839
120,91.1176625991011
121,91.7815936151501
122,85.801102393588
123,40.0837967032962
124,68.2973503323603
125,90.4428684191706
126,-8.75187603061384
127,62.6291650878648
128,-120.005228954254
129,-161.127419759165
130,240.799280692777
131,103.182164603919
