anc_node,anc_trait
67,300.694782908106
68,240.713836710656
69,220.742178037868
70,169.429153982003
71,160.946855984706
72,239.82520268757
73,850.48052328472
74,241.42745829262
75,231.987893803393
76,198.03135780133
77,184.452204427839
78,259.71579484559
79,496.865627305959
80,183.773394195519
81,270.567399452386
82,226.040742753306
83,190.096095630991
84,112.827133557604
85,114.837700439083
86,150.489935880836
87,169.023765363435
88,110.748038742534
89,331.379953770409
90,252.04402498419
91,250.048724224227
92,216.608190628489
93,165.048037668964
94,201.425271942627
95,156.748518645277
96,119.009155369562
97,84.9013768203474
98,84.7377903524854
99,392.355833080739
100,77.1917255127133
101,90.8801713502137
102,494.858512165913
103,176.222564526094
104,89.6453843883436
105,87.0280009025526
106,69.5669708323856
107,68.8909748334364
108,11.2492624355169
109,29.4538911693581
110,76.8856398951122
111,61.135337262772
112,68.0519706305674
113,55.2002087491637
114,62.387716897855
115,83.7758524578832
116,77.0492263629742
117,44.3769678374154
118,64.0666196913646
119,52.5904472298742
120,62.5685529232418
121,84.4106174167615
122,80.7299218898679
123,44.5416568494448
124,24.9060397319805
125,32.8529769768185
126,100.932850670818
127,71.086018881799
128,43.2239018264835
129,22.247759629224
130,20.3267346719428
131,266.296070991288
