anc_node,anc_trait
67,301.335700813767
68,242.439798053083
69,227.243746452647
70,198.865828833336
71,200.559335939583
72,222.05797593658
73,631.648903011645
74,138.741773055409
75,58.7534508187406
76,139.797491742891
77,126.263097948384
78,155.704675775861
79,181.308464577774
80,462.270799544134
81,212.35849869323
82,247.35831663596
83,211.913014541436
84,134.039025291498
85,112.476716733976
86,83.7562715453138
87,142.368525946728
88,178.504416867901
89,371.275424693292
90,258.400378588063
91,222.497490349857
92,197.254792078104
93,128.384883696692
94,233.124003042776
95,124.155879164691
96,108.37321715282
97,83.7562715453138
98,154.333003412595
99,7.08205485453371
100,83.7562715453138
101,-89.907449820573
102,120.766481236896
103,94.8605577034354
104,83.4290986095899
105,83.7562715453138
106,83.7562715453138
107,87.3174609199139
108,84.9422734373128
109,75.73012616651
110,30.8464576455445
111,83.7562715453138
112,69.6986417250808
113,63.202906420209
114,64.1180201185671
115,86.0998677743218
116,83.9198580131757
117,70.9790194155336
118,64.6984480393976
119,60.2795204594439
120,23.0656919685337
121,83.9143479737296
122,62.4656642246341
123,71.1775009960423
124,82.8156493551076
125,83.7562715453138
126,44.2734029650862
127,81.6859110279906
128,83.7562715453138
129,22.5749325649478
130,33.0444665081121
131,64.3303784867083
