anc_node,anc_trait
67,287.714621959202
68,255.512325781755
69,140.236695346368
70,114.469037577409
71,147.417582289555
72,613.478578575769
73,102.697602806976
74,113.794816366892
75,37.0464136790086
76,81.8129238993748
77,83.7562715453138
78,178.340477858042
79,469.504329383127
80,94.5120818072364
81,174.048835723853
82,307.839625700227
83,188.217845596651
84,120.287740296511
85,151.007916689468
86,165.739776746147
87,160.813325588682
88,147.034011448814
89,380.249811150079
90,164.061856863491
91,104.058053682309
92,221.3514996819
93,185.844860269918
94,246.199960789956
95,223.366107371103
96,242.862631646526
97,23.767710829683
98,65.2223476192431
99,19.9312316246981
100,19.9171137918839
101,45.8832178115858
102,68.2397687589054
103,79.9937827844891
104,85.6375159257261
105,86.3736550311048
106,88.1935544860689
107,83.7562715453138
108,25.2380811770027
109,31.5070945628037
110,64.4909752229285
111,58.7329165233757
112,55.1286396694741
113,68.8601950370618
114,83.7562715453138
115,83.6405096486332
116,69.2348955335812
117,77.8212496218793
118,75.511883503447
119,43.6504582414735
120,52.542980005255
121,48.4638929158971
122,73.0404912259813
123,48.2352999708279
124,56.1101584766457
125,49.6105570249941
126,83.7562715453138
127,82.1204068666944
128,81.1388880595227
129,34.6821517928256
130,53.7548251062465
131,41.1587252524394
