anc_node,anc_trait
67,255.246861121232
68,102.344485481183
69,100.840017473041
70,144.36589971823
71,162.22741120763
72,247.571192101745
73,319.320785266509
74,149.867280534786
75,113.376418060128
76,109.908291267786
77,95.0106100273671
78,214.519709935661
79,474.012957824302
80,172.249431326208
81,135.635819050842
82,135.133646854862
83,113.592634724972
84,92.4497451012726
85,85.3182000706311
86,188.693862053461
87,213.725151132696
88,212.00315631262
89,177.451714565359
90,267.660396876618
91,198.821480908836
92,239.638585626965
93,196.197819920696
94,247.424532641186
95,116.760302529093
96,110.134304923587
97,92.3254717176532
98,119.126313375208
99,309.55126418214
100,242.435145371396
101,90.8522555038591
102,214.016390167774
103,145.906722542051
104,98.9844126865274
105,93.7795906321496
106,87.6823467740003
107,79.6666098487652
108,30.192193927656
109,32.253963481911
110,80.6685769644196
111,73.1572429582084
112,64.4702896308292
113,52.3476697158211
114,83.0195712198901
115,89.485425694025
116,78.0230725265702
117,73.6869086881389
118,68.7217579621357
119,69.368527362977
120,76.3647697431525
121,73.1398224876303
122,79.9937827844891
123,55.7706386999336
124,48.5851809549965
125,51.3526658098011
126,106.614201372835
127,76.2335389038442
128,61.3277041550034
129,14.3930836816487
130,17.1964220818996
131,203.979209199099
