anc_node,anc_trait
67,301.005681881249
68,274.136049951154
69,253.666332178588
70,184.795841335638
71,190.786196025329
72,223.416564034849
73,621.295434836861
74,239.903624359758
75,143.920024686792
76,226.458639454663
77,195.678238216724
78,118.94839125294
79,83.7562715453138
80,424.851587173319
81,256.835108912854
82,245.659001248879
83,115.302506096982
84,90.1361437919294
85,83.7562715453138
86,199.401710123041
87,143.32828746582
88,116.99653349915
89,387.435565183864
90,195.896069539757
91,83.7562715453138
92,238.124287127905
93,204.953499772809
94,216.431761186708
95,110.34504267567
96,120.005388247343
97,89.5489897412345
98,63.2844064952069
99,183.89997730206
100,8.75898665094603
101,61.9403042153431
102,69.583388417612
103,83.7524374874732
104,83.7562715453138
105,83.7562715453138
106,86.7008279668287
107,87.6823467740003
108,81.2332868009342
109,67.1457135029165
110,34.3531582510076
111,68.5158988824328
112,50.3612656203705
113,39.8428690517525
114,60.97822521375
115,78.7688713740711
116,77.0539609050949
117,55.3574220523912
118,32.7172935723882
119,60.4752404751975
120,83.5517884604863
121,43.5140004512763
122,82.1987873551519
123,72.4682350040691
124,64.4530683376047
125,75.7009122781962
126,83.7562715453138
127,64.9438277411905
128,79.6666098487652
129,33.4534326777669
130,28.6590030798484
131,47.112902744239
