anc_node,anc_trait
67,265.018366799504
68,209.710216016029
69,154.039499211394
70,123.998542639351
71,117.032911308977
72,145.572065154971
73,630.810792267201
74,130.780995186068
75,74.8621812383952
76,96.0926206132126
77,135.791044958132
78,149.532026435183
79,464.695781631846
80,98.1223427802915
81,195.53927325632
82,237.531423695833
83,160.847372877133
84,104.505340071297
85,98.0781106065724
86,212.160227554813
87,273.904460328421
88,131.638737374507
89,90.4542270992631
90,134.25610717789
91,199.691278492982
92,227.1518213671
93,204.067868568991
94,277.243876273662
95,187.889941786826
96,182.67961732156
97,78.6782499412938
98,75.1713922709059
99,80.600329889489
100,54.1471208623024
101,23.3800931651509
102,166.664624424902
103,90.9131795142737
104,85.1246370146787
105,85.4934500350952
106,83.7974263022438
107,83.7562715453138
108,39.1963231034246
109,32.8204589978764
110,83.7562715453138
111,67.8376098150483
112,64.9029311242251
113,64.4132858532918
114,80.4156633152276
115,85.1416157833857
116,73.2784223936529
117,59.7090607696084
118,68.450991179144
119,58.5511837554682
120,65.1112728869391
121,76.1469735980668
122,77.0492263629742
123,69.7982697009057
124,43.1868275155524
125,21.3419471127917
126,46.5823608563402
127,65.7617600805002
128,62.0809150904257
129,29.5568953859534
130,29.1670868249585
131,121.957146023635
