anc_node,anc_trait
67,294.777256727948
68,200.508398687662
69,205.898478543551
70,261.388859604574
71,277.759520583244
72,303.687547652826
73,602.067552686861
74,224.512981467255
75,192.782702871379
76,114.411651994147
77,138.721324746926
78,232.443880190259
79,463.944783714364
80,133.725969226944
81,272.770242070681
82,217.639406467575
83,167.044738384471
84,125.524974498979
85,169.468226620137
86,133.719405415398
87,119.852172079291
88,126.003129270421
89,368.715999552979
90,243.356285919009
91,114.387837652462
92,288.220133664778
93,222.149394560356
94,285.181507411041
95,253.720174406769
96,249.818293174548
97,143.373755103923
98,82.4475798024182
99,130.035387011074
100,34.9578109044008
101,73.2867376021495
102,205.762507479477
103,99.018905564905
104,89.0229659096846
105,77.2036295633913
106,73.2867376021495
107,54.2724629990761
108,40.4227223227295
109,46.548223197694
110,52.1217751278044
111,50.8346260910053
112,28.7912183437016
113,47.7672486156868
114,53.9835343944405
115,76.8856398951122
116,74.9559309051993
117,85.0649632882093
118,58.236782558851
119,79.5735092858201
120,56.4017997618379
121,47.3720159270186
122,52.3476697158211
123,39.2032498437016
124,57.5824366874032
125,19.2614055263078
126,28.7094251097706
127,61.9893147195194
128,38.752827767638
129,19.4927099721216
130,29.4455642151494
131,240.24242934584
