anc_node,anc_trait
67,290.205561671486
68,291.144825458162
69,292.982251778856
70,281.58058079451
71,284.368527201432
72,284.482703045491
73,510.739231173477
74,274.146279992267
75,268.43923249009
76,303.759695971509
77,270.322765276364
78,260.219453242231
79,254.450482011948
80,218.184663226653
81,295.254773680239
82,270.299394412678
83,258.86197796639
84,177.83111800719
85,134.468076582515
86,141.542398249794
87,88.3366926454481
88,83.7562715453138
89,217.105268688902
90,121.801381835601
91,150.639393104127
92,229.531781667461
93,130.217384456665
94,105.703932284353
95,124.404564036981
96,96.9249822082
97,86.3736550311048
98,90.5860065785498
99,229.520920453683
100,68.0519706305674
101,175.763477822139
102,297.638612878614
103,74.759015812907
104,45.1289332995521
105,73.6957037718044
106,64.6984480393976
107,81.8034580852118
108,288.104479842787
109,103.851846706729
110,83.7562715453138
111,83.7562715453138
112,82.9383392060041
113,225.372855515069
114,61.1813389803659
115,74.5954293450451
116,71.4872864556682
117,80.2084900235579
118,67.4794179930506
119,81.1388880595227
120,93.8999105720343
121,91.6084220026869
122,64.5553098800185
123,68.2935162745198
124,70.6693541163585
125,70.4648710315311
126,64.2972624478443
127,2.04386874562526
128,43.3225302845022
129,74.759015812907
130,-12.9608752150767
131,99.2969859921981
