anc_node,anc_trait
67,299.806861897261
68,249.854931303579
69,237.430524211633
70,159.770928508316
71,163.300092126339
72,238.806880485042
73,612.16785937939
74,143.191087700562
75,110.108076984325
76,106.153364810072
77,75.4006771245876
78,128.123691387584
79,503.860522676411
80,105.944917800317
81,244.206616752033
82,253.821863454892
83,128.827098341558
84,97.3839335262779
85,83.7562715453138
86,83.7562715453138
87,188.331439410632
88,154.526437086549
89,123.618033791306
90,374.260499175407
91,195.395569139365
92,318.20942945781
93,216.923273329921
94,170.122603238888
95,135.335994070248
96,127.024892294797
97,140.010680519897
98,151.092551378985
99,104.967231637162
100,10.4087650341649
101,-58.2088988696893
102,156.906491352607
103,81.2566415765503
104,83.7562715453138
105,79.0218300645405
106,83.7562715453138
107,30.4204954780257
108,34.3531582510076
109,83.7562715453138
110,42.4281311826688
111,36.7741574770766
112,63.4073115496826
113,71.978045859254
114,81.7123068838891
115,84.3049227690622
116,71.4054932217372
117,83.7562715453138
118,55.4648639920751
119,54.0912839628193
120,64.388094563619
121,53.8162862578133
122,63.6090483829361
123,27.4634997611553
124,15.7043009147463
125,33.3631070816574
126,71.8715053155232
127,51.3598086287659
128,42.0192306534695
129,16.3586467861941
130,17.2174757424693
131,13.8119793600924
