anc_node,anc_trait
67,283.28980947512
68,275.040320558552
69,274.21171994096
70,256.819711862056
71,260.961891025941
72,280.408788667752
73,563.541334864599
74,255.525914792433
75,241.412297068232
76,278.922628269998
77,274.929525302197
78,264.488754115472
79,271.710698383584
80,278.86128334455
81,282.671076562276
82,232.418361926874
83,227.12051655506
84,225.668043716316
85,233.934745845821
86,202.370390853535
87,175.133628925812
88,102.077955945851
89,112.676535897213
90,103.759790161105
91,146.962571234651
92,152.942304769723
93,149.787913309255
94,225.554149313815
95,226.067380475563
96,164.660950053305
97,81.4660609952466
98,211.513514616719
99,147.821559384814
100,82.4475798024182
101,86.5576898074495
102,230.843360888366
103,87.3483666959674
104,65.4844075339008
105,81.7932339309705
106,82.0386136327634
107,83.101925673866
108,83.3473053756589
109,83.7562715453138
110,233.413364985513
111,290.837989204607
112,82.2839933345563
113,83.4525822138631
114,81.1388880595227
115,81.1388880595227
116,82.8156493551076
117,83.7562715453138
118,81.7114406970395
119,52.3738802924657
120,76.108604172768
121,83.7562715453138
122,85.719309159657
123,68.2973503323603
124,67.6021078439471
125,84.7377903524854
126,51.7518759473584
127,71.896252625323
128,45.8121722028287
129,53.0628792273803
130,-61.2341129527798
131,70.9709666664789
