anc_node,anc_trait
67,282.558437381481
68,248.836633881981
69,234.661960742858
70,219.66193761993
71,229.702819126574
72,267.463874954273
73,592.305703511123
74,247.182619012861
75,179.667833840937
76,195.271976381186
77,83.7562715453138
78,486.628845272309
79,91.7269593244772
80,206.758125762903
81,269.63567355465
82,191.342588249845
83,139.820045757602
84,83.7562715453138
85,242.498127759047
86,245.156407861804
87,208.912494423696
88,197.795395584063
89,378.232430414891
90,296.73706214579
91,99.2560893752326
92,240.116052084824
93,247.732174479713
94,277.560743108784
95,241.042309038785
96,141.02136843615
97,123.525209177638
98,69.1664034428769
99,92.7809535215503
100,203.383472405323
101,7.52497752164928
102,161.749912502142
103,126.500084839782
104,111.588799090854
105,80.5716599043085
106,83.7562715453138
107,83.7562715453138
108,70.183760027696
109,73.0734639615513
110,69.3254921549586
111,36.9091968113504
112,66.4045014370388
113,31.9040042568812
114,23.3110716703266
115,65.900097048125
116,57.0098840498864
117,26.3835668390614
118,37.7884740761084
119,35.3640372968225
120,67.1872561084519
121,55.7011923069909
122,63.2750531690595
123,49.4721644014394
124,78.0460510579105
125,69.9562877676242
126,92.5589649111603
127,45.1866510084551
128,39.5675982884966
129,28.5875430889017
130,39.5120101051069
131,275.520508496474
