anc_node,anc_trait
67,289.251653608241
68,238.170118276114
69,230.60591396653
70,232.496625509114
71,232.241408087861
72,278.225408457928
73,746.410345301045
74,223.006729741649
75,214.940194175657
76,114.664579636544
77,83.7562715453138
78,166.448735184733
79,386.079869261523
80,139.601191800123
81,272.253891216356
82,248.602234247849
83,176.62237957209
84,173.398092773109
85,154.434192201838
86,170.712885107994
87,197.313109405792
88,187.280213486667
89,146.573475204299
90,380.458312881543
91,169.084364640317
92,248.849613419761
93,207.364638709417
94,269.800461640122
95,139.223506204065
96,106.02447948302
97,114.35795173927
98,219.426451919389
99,496.995520648389
100,176.387547558149
101,451.399750817767
102,251.268814635941
103,178.983536069699
104,81.6091991546258
105,86.0464820953809
106,72.4688052628398
107,14.5691657540804
108,83.7562715453138
109,62.0148993915186
110,71.3850449132545
111,35.0902290008694
112,46.9690658514975
113,55.4391030896031
114,82.1141765227035
115,78.580562645478
116,58.222813504244
117,31.5331004968939
118,42.707847042839
119,13.6505133052796
120,64.4727906764944
121,33.5931344491156
122,60.7314761937456
123,84.8298077406577
124,72.1465356756077
125,42.7602065677042
126,113.049671346155
127,54.5472119794569
128,78.7955361393761
129,18.3216844005374
130,13.2031702834819
131,305.603033360865
