anc_node,anc_trait
67,262.219233549934
68,137.348768545944
69,124.697075145964
70,126.326570489464
71,130.20744923451
72,190.156759548901
73,628.912009753072
74,123.157334264696
75,73.4143279927805
76,83.7562715453138
77,140.020438482596
78,154.397901632291
79,428.713504531472
80,108.167072736533
81,151.377616605987
82,146.349679238762
83,135.717703713508
84,83.7562715453138
85,88.7421295778094
86,83.7562715453138
87,226.740771259238
88,210.033562499313
89,124.021164454256
90,305.067622201605
91,135.49882109013
92,244.77306510507
93,225.570968012002
94,222.148719999125
95,110.315268040211
96,83.7562715453138
97,88.9910385168959
98,64.4098927916671
99,98.3134195455429
100,51.0237039108364
101,34.2847771113942
102,83.7562715453138
103,83.7562715453138
104,88.9092452829649
105,88.9910385168959
106,83.7562715453138
107,80.8526117407643
108,64.3608512345436
109,24.9090404719518
110,79.0122639773175
111,71.0982873871633
112,73.6002720268863
113,72.9825642844698
114,79.9528861675236
115,85.0649632882093
116,84.1652377149686
117,67.6847377694249
118,61.2278910510576
119,57.9399691626276
120,73.8802386714776
121,69.0079864924095
122,77.2128128308361
123,44.430944119573
124,38.1156470118322
125,48.1808321604191
126,83.7562715453138
127,84.1652377149686
128,69.5717193811186
129,30.2122892766982
130,34.2807980975476
131,76.2926294911148
