anc_node,anc_trait
67,294.254357613017
68,236.493656500453
69,168.851913575578
70,148.954752505274
71,148.125315637694
72,209.733504759951
73,616.059056288251
74,135.111005293644
75,105.216781165472
76,117.601435129463
77,80.157369252351
78,150.438239595332
79,478.141505216328
80,123.138113439801
81,219.254451178424
82,192.837795572685
83,147.528171641306
84,129.008406923134
85,129.120388779209
86,173.056168940116
87,179.556605757435
88,188.474007206423
89,118.634046899378
90,378.223090282407
91,233.069018170569
92,229.263905132843
93,201.290589750154
94,205.163618712831
95,153.960427092213
96,154.929814191285
97,133.993608084268
98,91.9419959115093
99,129.102319306504
100,84.9013768203473
101,20.1856719885439
102,96.4636148933091
103,78.9061857980525
104,83.1236516652362
105,84.9687929821291
106,84.3196986260078
107,47.6432792878084
108,29.7535629370891
109,64.250491909589
110,69.9204345939162
111,56.1945034881627
112,56.9280908159554
113,80.67129275539
114,83.101925673866
115,78.9179255187591
116,55.292226137336
117,78.1681292712953
118,74.5391964967175
119,66.1722373313843
120,72.5906931980045
121,67.2578349107749
122,46.2617398852886
123,26.9335246258036
124,47.3316025180693
125,83.5453982519546
126,83.4290986095899
127,59.0366669545898
128,26.1719958340109
129,81.8750271649014
130,33.4129780115011
131,29.6481262904095
