anc_node,anc_trait
67,304.579962525965
68,219.414337180229
69,192.924636910619
70,178.472964563998
71,184.005736666963
72,230.461262774905
73,615.614666774329
74,227.448703440759
75,189.616862318936
76,107.320087920126
77,83.7562715453138
78,109.532855131602
79,478.751821050729
80,108.265053427732
81,166.170151409129
82,185.293794770322
83,118.173620155565
84,83.7562715453138
85,128.019422333183
86,171.226470126839
87,312.533996088806
88,146.18230980575
89,121.133860082724
90,340.362909443268
91,239.907529440337
92,263.707027586935
93,210.20094994579
94,181.7982386408
95,176.103450056795
96,240.82490736237
97,85.1619769954083
98,88.3984387606416
99,237.620189061118
100,5.47292525796013
101,65.9253465483622
102,176.897952600039
103,93.1106074022563
104,91.281249066963
105,90.4729452815399
106,88.9910385168959
107,83.7562715453138
108,33.8066211043028
109,19.5148087597423
110,76.5584669593883
111,70.1272424253778
112,71.1192169029788
113,63.9744501171806
114,80.9263811797899
115,91.1770139443491
116,83.7562715453138
117,79.0122639773175
118,69.2916577372762
119,56.0459186432977
120,66.5081233401203
121,71.370163787101
122,71.8144593913921
123,81.0971643260144
124,39.3152646181183
125,23.5736716098509
126,43.5140004512763
127,74.2678490353128
128,73.3942069797779
129,23.4126835989386
130,31.0814288937688
131,163.17935382179
