anc_node,anc_trait
67,263.35516372222
68,220.544912731514
69,169.58977023997
70,151.023352241997
71,162.413289245387
72,197.761919636689
73,562.593239207009
74,126.22740826397
75,62.3432641638684
76,92.9007060010616
77,82.1507493720482
78,219.696040383982
79,437.431697043348
80,102.253416354806
81,193.591527498753
82,189.312523849499
83,123.689180615267
84,114.706271807641
85,111.814814770495
86,169.678661550284
87,158.575972368928
88,127.077665114975
89,91.6673958543746
90,388.647218531261
91,261.871303122002
92,179.755145163363
93,190.424396947305
94,186.771344025694
95,147.71726517409
96,135.776768325411
97,134.838373630219
98,56.8634879856228
99,134.283154975047
100,10.9252920315124
101,49.4821001940002
102,94.6531799812849
103,84.9731114442519
104,85.1543421484787
105,82.6608850054281
106,86.665826651591
107,74.1231385057201
108,72.3178337263296
109,33.8925746775011
110,69.3968168429074
111,68.2813432035232
112,42.3279985592772
113,61.5085119160898
114,83.7045117644668
115,85.0649632882092
116,78.0397942047116
117,65.4766369159486
118,63.1823047264014
119,46.5612916546711
120,62.1628577875376
121,46.2379115321164
122,85.2285497560712
123,24.2543289952571
124,25.1223134202636
125,38.3282112245833
126,83.6078563301287
127,83.7562715453138
128,75.2089202683459
129,28.5643905438068
130,31.4086018294927
131,67.3124508759675
