anc_node,anc_trait
67,282.306517456735
68,83.7562715453138
69,94.225805488478
70,94.225805488478
71,94.225805488478
72,94.225805488478
73,19579770313363116
74,574.024915727551
75,-7.56527153606171e+28
76,94.225805488478
77,94.225805488478
78,94.225805488478
79,94.225805488478
80,94.225805488478
81,-759750704321576
82,83.7562715453138
83,83.7562715453138
84,83.7562715453138
85,83.7562715453138
86,83.7562715453138
87,83.7562715453138
88,83.7562715453138
89,83.7562715453138
90,83.7562715453138
91,83.7562715453138
92,83.7562715453138
93,83.7562715453138
94,83.7562715453138
95,83.7562715453138
96,83.7562715453138
97,83.7562715453138
98,83.7562715453138
99,83.7562715453138
100,83.7562715453138
101,94.225805488478
102,83.7562715453138
103,94.225805488478
104,83.7562715453138
105,94.225805488478
106,83.7562715453138
107,94.225805488478
108,83.7562715453138
109,380.843418421998
110,83.7562715453138
111,94.225805488478
112,83.7562715453138
113,39107132436318352
114,83.7562715453138
115,94.225805488478
116,83.7562715453138
117,242.76937892682
118,83.7562715453138
119,94.225805488478
120,83.7562715453138
121,307.951525750104
122,83.7562715453138
123,-1519501408643153
124,83.7562715453138
125,94.225805488478
126,83.7562715453138
127,83.7562715453138
128,83.7562715453138
129,3.78263576803085e+28
130,83.7562715453138
131,83.7562715453138
