anc_node,anc_trait
67,285.329171997017
68,134.803391596622
69,126.130852089857
70,151.808242175881
71,173.267872289988
72,245.528393610658
73,618.336670050234
74,164.873309252982
75,138.672461430404
76,98.2829442308849
77,110.471986578017
78,222.139320408011
79,376.077301925848
80,104.695339431642
81,193.243742242381
82,125.920683636729
83,133.14986677855
84,123.651098464466
85,154.608802139332
86,276.664424013874
87,124.772758357239
88,103.872030503287
89,289.793620804463
90,176.362324514101
91,148.956660118855
92,253.565371288093
93,205.679948927756
94,203.709832354216
95,115.783413118773
96,112.482496805357
97,123.634315922402
98,343.739416807325
99,384.198409177208
100,170.945286413426
101,127.55405300786
102,178.406443000843
103,97.5635070917661
104,83.3591325191632
105,74.1097377512495
106,81.2219096484943
107,80.3823006456612
108,77.4013205381542
109,78.5215045737316
110,12.0942330573107
111,33.0035698911466
112,78.2761248719387
113,71.787480362168
114,64.1258954018808
115,35.3346770581792
116,77.9159272157833
117,37.6594846793905
118,67.0952379719277
119,38.7613524195981
120,67.7551341207523
121,50.2365578422421
122,57.5824366874032
123,72.8320159104865
124,78.2075029287735
125,31.2548422019559
126,27.8202983249936
127,80.402748954144
128,15.2339319235329
129,21.4665194672596
130,38.2792334796942
131,228.304660300765
