anc_node,anc_trait
67,264.785018442241
68,213.022327124129
69,194.996204183158
70,189.062704175906
71,194.81885879522
72,165.278468039763
73,600.041330381216
74,154.430250603148
75,106.228962567848
76,164.204736756149
77,142.079702625698
78,118.518395965976
79,196.479583041971
80,469.808897723353
81,195.785253161929
82,263.116926073073
83,132.68875486373
84,108.984806384758
85,108.223364073315
86,208.109545488643
87,224.821780691711
88,211.081246462645
89,112.327271581821
90,374.955493737518
91,247.277106440066
92,234.067074505859
93,180.416170058422
94,227.392419592676
95,138.84121518645
96,146.077116587948
97,125.364008033044
98,201.906775417943
99,353.259165417898
100,264.02653909583
101,205.785539986002
102,279.937573572378
103,133.15938483962
104,87.6823467740003
105,85.0649632882093
106,81.8570241291479
107,79.9528861675236
108,-2.00393423130878
109,36.3979890992819
110,82.4475798024182
111,82.2839933345563
112,67.8204829921096
113,45.5997279165161
114,71.9861259926254
115,52.3035126052099
116,22.7386608442753
117,82.9383392060041
118,79.144859004163
119,35.3099583368845
120,65.947070575004
121,61.5676418174301
122,73.9410834735973
123,76.5133530114053
124,73.6548071548389
125,45.948235287372
126,84.9012350088818
127,77.9252433290966
128,75.8412700007018
129,27.4475837252699
130,56.641814497197
131,256.022211037329
