anc_node,anc_trait
67,311.224840062094
68,174.120072506049
69,160.79923761072
70,136.183497961326
71,141.434759369242
72,206.69619986287
73,561.474993544226
74,125.267875382228
75,54.2741989122117
76,138.250484471965
77,102.301699180612
78,107.734549156095
79,141.915514278151
80,418.245033940287
81,158.255959274128
82,316.159644515107
83,226.841992195923
84,114.421019975316
85,83.7562715453138
86,136.13972580098
87,93.1389355831929
88,92.7946335697241
89,371.786252415669
90,181.856003085132
91,254.490841024612
92,220.093910613259
93,107.653594622316
94,295.828404595333
95,107.570628206624
96,136.758287132583
97,135.222469896871
98,40.6620854507853
99,120.714512346541
100,12.3965673580989
101,55.9384920314207
102,109.370021942083
103,82.3042182392782
104,83.7562715453138
105,97.4969757122817
106,83.7562715453138
107,64.1258954018808
108,31.0814288937688
109,83.7562715453138
110,66.6205890367754
111,58.065368222898
112,63.1910043293842
113,92.191093956926
114,83.8789613962102
115,86.5372414989668
116,80.1579283857861
117,83.7562715453138
118,34.0470901063264
119,10.913665612075
120,79.9937827844891
121,76.8845216282421
122,81.1388880595227
123,82.8565459720731
124,81.7932339309705
125,42.2053087083808
126,82.4475798024182
127,82.1204068666944
128,88.4170880457914
129,41.5839903996392
130,43.1868275155524
131,45.9632694868339
