anc_node,anc_trait
67,291.22993132526
68,287.185231821435
69,282.35024352971
70,269.804455720035
71,270.386920085846
72,265.254321635083
73,312.805690478159
74,267.491466488805
75,241.629180734116
76,230.239472909228
77,141.014800295376
78,345.324109495291
79,127.362134624615
80,233.815806742094
81,282.614437587968
82,261.692339885019
83,172.763009948716
84,171.587565861335
85,172.971312894636
86,102.8758487962
87,114.157794182031
88,96.843188974269
89,94.225805488478
90,228.124757908966
91,102.077955945851
92,126.771160342307
93,105.796798158536
94,134.457399770444
95,167.891675029686
96,152.225984070776
97,96.2706363367522
98,102.821781263864
99,-34.0253917625367
100,-37.8860204148473
101,137.989361766896
102,339.72190666663
103,137.643504410047
104,84.4106174167615
105,83.7051507741069
106,82.7338561211766
107,83.020132439935
108,56.6520386514384
109,68.7676614274634
110,123.641558718255
111,188.785232044136
112,62.8172036589853
113,76.7118292730089
114,56.1510550936112
115,217.622010782573
116,33.6581143610494
117,80.0346794014546
118,58.5639554945749
119,33.2220589643066
120,24.5744395171865
121,72.3052187949779
122,68.0519706305674
123,77.6473393860944
124,70.3421811806346
125,8.46376716138249
126,20.3028515732949
127,19.7314750816953
128,-23.3137934286111
129,-34.005537006801
130,-32.2265341688024
131,284.158456253436
