anc_node,anc_trait
67,282.684022498546
68,357001967.987445
69,2030688.18344743
70,146.573475204299
71,282.677416465434
72,287.756265084835
73,458.696455884882
74,283.904314974399
75,300.91219555492
76,-51.2984158868002
77,267.954634357859
78,268.62942853779
79,284.185479216036
80,260.920416239796
81,-286.60349169412
82,-45040.1138020496
83,-12932.5476205251
84,23.5564513721195
85,92.2627678741347
86,254.300276368508
87,209.390678863284
88,164.895159604836
89,171.275031851452
90,179.764274919991
91,247.097359705462
92,274.334506604475
93,284.558660845846
94,283.904314974399
95,283.904314974399
96,275.070645709854
97,81.1388880595227
98,83.7562715453138
99,83.7562715453138
100,83.7562715453138
101,98.087979753156
102,350.729387096001
103,-201.124450159136
104,491.740922392994
105,-28.443597099495
106,-10.8887242670604
107,71.8144593913921
108,272.20788252227
109,0
110,78.5215045737316
111,80.7708185068333
112,78.1943316380078
113,218.224348127829
114,-12.1399051423483
115,-17.9229423851239
116,46.2949704049293
117,83.7562715453138
118,46.1313839370673
119,88.582072347241
120,80.9753015916608
121,68.2973503323603
122,68.2973503323603
123,-3.27172935723876
124,68.2973503323603
125,81.8545788564187
126,-17.7491317630206
127,-110.452658420649
128,5.23476697158211
129,78.3476939516283
130,83.7562715453138
131,-13.1332189562401
