anc_node,anc_trait
67,285.641485076622
68,92743463.7837947
69,-1241208.11254021
70,83.7562715453138
71,83.7562715453138
72,295.150884639907
73,468.312911958532
74,279.362234452669
75,274.689795964363
76,284.339480539297
77,241.371833330294
78,241.453626564225
79,235.932583273884
80,275.03997324713
81,21.9001383850173
82,9001.1818076354
83,83.7562715453138
84,83.7562715453138
85,83.7562715453138
86,83.7562715453138
87,83.7562715453138
88,83.7562715453138
89,83.7562715453138
90,83.7562715453138
91,83.7562715453138
92,83.7562715453138
93,83.7562715453138
94,83.7562715453138
95,83.7562715453138
96,83.7562715453138
97,83.7562715453138
98,83.7562715453138
99,83.7562715453138
100,83.7562715453138
101,116.166840490461
102,83.7562715453138
103,-281.90229777201
104,83.7562715453138
105,31.4086018294927
106,83.7562715453138
107,128.53806712252
108,83.7562715453138
109,137.249046536168
110,83.7562715453138
111,-15.3771279790225
112,83.7562715453138
113,31.0111378333594
114,83.7562715453138
115,53.0838088211998
116,83.7562715453138
117,84.7377903524854
118,83.7562715453138
119,107.486533539537
120,83.7562715453138
121,54.4001686797764
122,83.7562715453138
123,62.3366684096409
124,83.7562715453138
125,68.0519706305674
126,83.7562715453138
127,78.5215045737316
128,83.7562715453138
129,83.4853314579174
130,83.7562715453138
131,83.7562715453138
