anc_node,anc_trait
67,245.986612318539
68,220.84173161362
69,195.776272393145
70,147.649765997656
71,145.74934598476
72,202.474188754906
73,593.342405387357
74,131.034049385253
75,137.39094965653
76,156.103267311603
77,131.259625092483
78,201.390942492603
79,477.938204025345
80,136.700835509094
81,229.522583676741
82,242.107972435673
83,149.693861306209
84,154.530057871412
85,180.426777134822
86,170.981785475761
87,129.316649198271
88,128.759474440215
89,383.209119474195
90,286.382135121754
91,179.365699131328
92,279.753179489618
93,217.849954265452
94,211.766766376767
95,190.963632795077
96,180.526392179028
97,99.2356410667499
98,79.8844046853778
99,55.1699445599328
100,46.5632901783816
101,45.0785110295235
102,146.462817169932
103,98.2748282936287
104,84.1243410980031
105,85.882895627519
106,83.7562715453138
107,71.7152974706023
108,59.9794423476026
109,33.5147776032151
110,79.8301963166272
111,81.7932339309705
112,29.9363236187352
113,67.362479228915
114,60.9687796623725
115,83.9020677726245
116,84.0834444810376
117,29.4046675981839
118,59.2489093973548
119,54.4287147505585
120,62.5061831895934
121,84.1652377149686
122,80.5458871135232
123,51.9059584363295
124,40.2116630627053
125,34.8855874482621
126,87.5187603061384
127,44.8544064017376
128,79.2985402960759
129,30.2123113518603
130,37.9520605439703
131,105.676174854588
