anc_node,anc_trait
67,282.846996508248
68,1390878450.23532
69,-2822227.31280859
70,-63.962308934019
71,648.293172136872
72,288.771012393291
73,466.464097317354
74,281.235810717401
75,299.179201411007
76,805.336181284335
77,276.420234069715
78,277.562783306188
79,282.084415519434
80,303.534691117831
81,9.77273823378029e+50
82,83.7562715453138
83,83.7562715453138
84,83.7562715453138
85,83.7562715453138
86,83.7562715453138
87,83.7562715453138
88,83.7562715453138
89,83.7562715453138
90,83.7562715453138
91,83.7562715453138
92,83.7562715453138
93,83.7562715453138
94,83.7562715453138
95,83.7562715453138
96,83.7562715453138
97,83.7562715453138
98,83.7562715453138
99,83.7562715453138
100,83.7562715453138
101,58.2776791758164
102,83.7562715453138
103,117.087014372184
104,83.7562715453138
105,56.6654578538802
106,83.7562715453138
107,84.4310657252443
108,83.7562715453138
109,324.483983158401
110,83.7562715453138
111,88.589740462922
112,83.7562715453138
113,83.4441153361319
114,83.7562715453138
115,83.8789613962102
116,83.7562715453138
117,83.6131333859346
118,83.7562715453138
119,83.5926850774518
120,83.7562715453138
121,99.0413821361639
122,83.7562715453138
123,-7.94392865656061e+45
124,83.7562715453138
125,78.9799939904931
126,83.7562715453138
127,83.7562715453138
128,83.7562715453138
129,74.8817056638034
130,83.7562715453138
131,83.7562715453138
