anc_node,anc_trait
67,287.590846709369
68,210.872417412073
69,214.945683269477
70,226.313983335373
71,238.828028309975
72,268.571829057517
73,620.506144961908
74,228.134476245579
75,188.9970955655
76,222.309296504249
77,174.871800576095
78,82.8565459720731
79,83.7562715453138
80,475.888016791088
81,254.563694051894
82,265.914626035463
83,228.060224136643
84,178.78595116102
85,137.41263300403
86,167.975228504283
87,126.043373487626
88,137.589854277684
89,94.6902207211987
90,280.991506224211
91,202.365921083252
92,309.64901741702
93,222.38758828985
94,184.026763762868
95,193.744452941844
96,153.635123310389
97,131.247882354297
98,156.796215387229
99,211.229149535913
100,15.7043009147463
101,102.310491803491
102,117.598222084253
103,76.914727938426
104,74.1232876495717
105,63.8805157000879
106,23.7467439499005
107,33.9850886983182
108,62.3264442553995
109,83.7562715453138
110,65.4345871447764
111,49.0350437416168
112,48.5851809549965
113,83.8585130877275
114,84.5742038846235
115,83.7562715453138
116,68.0519706305674
117,83.7562715453138
118,71.9131364581572
119,60.954223472075
120,79.1150147305381
121,83.101925673866
122,45.4770380656196
123,29.4912583966783
124,38.9335793511419
125,89.8089708562056
126,85.3407439984358
127,68.4609368002223
128,39.5061319886587
129,24.7015566471531
130,27.646113068668
131,29.2819777472874
