anc_node,anc_trait
67,285.719412185427
68,327.172935723882
69,264.160486046636
70,287.954572051872
71,292.261089528312
72,263.421435690306
73,440.896911224775
74,254.675746007224
75,294.844160012666
76,198.593971984396
77,125.307234382247
78,125.511717467074
79,148.337141810936
80,198.4712821335
81,285.274351642742
82,5560.694691779
83,83.5926850774518
84,256.503581607523
85,251.268814635941
86,233.713941803507
87,207.264054781079
88,141.011535296993
89,138.721324746926
90,139.702843554098
91,224.399737289617
92,237.200378399814
93,227.807575700194
94,256.40134006511
95,277.892512280472
96,277.72892581261
97,269.590499036479
98,257.648686882557
99,300.344754994524
100,209.227092395422
101,-37.0523349707295
102,327.172935723882
103,83.101925673866
104,83.7562715453138
105,39.7106150734862
106,1.5336231362057
107,67.3976247591197
108,58.5639554945749
109,350.60323985044
110,328.180218834719
111,74.0024283990455
112,78.5215045737316
113,81.4564758506453
114,357.924401834332
115,61.1097699006763
116,30.0181168526662
117,80.9893598037426
118,76.5584669593884
119,75.6791896946304
120,73.4771624748951
121,82.0795102497289
122,68.0008498593606
123,70.4035261060828
124,105.308788686124
125,82.2226484091081
126,121.503849004457
127,64.2307961335391
128,-82.4475798024182
129,-80.3618523371784
130,-86.7008279668287
131,52.4294629497521
