anc_node,anc_trait
67,289.229083879939
68,886961.154240221
69,1105524.98637277
70,143.219952613129
71,267.422978337308
72,267.463874954273
73,433.345665443402
74,281.041551786815
75,255.849235736076
76,173.238069465795
77,184.689122216131
78,187.633678637646
79,213.971099963419
80,197.285280241501
81,83.0891454810643
82,19359.5358492641
83,81.2411296019364
84,129.192412993968
85,138.015858104271
86,140.214051266166
87,112.925783595946
88,120.890399749974
89,175.078417229242
90,138.394151811202
91,130.869174289553
92,143.751608633681
93,231.582205644181
94,132.34145250031
95,253.640818419939
96,251.268814635941
97,120.808606516043
98,170.334409661246
99,83.101925673866
100,-148.536512818642
101,49.975665931823
102,380.992883650461
103,91.281249066963
104,71.8758043168403
105,37.0932315876951
106,33.0853631250775
107,71.896252625323
108,72.530150188288
109,196.31398558857
110,495.503411153819
111,84.8195835864164
112,83.183718907797
113,81.3024745273847
114,184.361949280407
115,71.978045859254
116,65.4345871447764
117,83.7767198537965
118,83.3473053756589
119,81.7932339309705
120,81.0264223628676
121,81.7932339309705
122,68.1337638644984
123,60.533383205319
124,74.6363259620105
125,83.5313401520036
126,83.7562715453138
127,44.9130834892952
128,21.4298272899143
129,9.16084220026869
130,377.005463496326
131,19.5792553722261
