anc_node,anc_trait
67,219.874160825239
68,189.562539220771
69,167.406100559057
70,132.693430117854
71,118.30740297044
72,135.232780167645
73,158.6181778948
74,210.09073389305
75,96.4322109227005
76,51.426076783393
77,95.1122678674897
78,88.8245989708362
79,198.318215670268
80,348.823351138459
81,97.7943073970399
82,147.520802003463
83,129.245682934316
84,93.1986524069312
85,86.3736550311048
86,85.5138575758439
87,93.6399147727901
88,78.841049331877
89,60.0476160645463
90,34.3531582510076
91,69.2065212668435
92,60.8731166742808
93,41.6498745400503
94,81.9377948852514
95,90.7410413002128
96,66.6481438313727
97,86.3736550311048
98,81.4356081920862
99,69.8956632100991
100,80.7708185068333
101,70.8367097426444
102,67.1750640666129
103,51.4744330890671
104,50.9171667602842
105,59.7584417372249
106,23.149347316494
107,84.821490630811
108,79.8472548786598
109,91.9736459655728
110,31.2336629559936
111,38.492737583425
112,80.4845421880749
113,168.02617205016
114,180.353348944261
115,166.527392721881
116,170.777770025552
117,325.053035614849
118,235.665266005228
119,187.960668604321
120,355.051109137157
121,237.843989404635
122,233.331424642236
123,210.014691745879
124,218.825536384842
125,110.816632433587
126,101.532075720479
127,100.678033096176
128,23.5639822005732
129,99.1716977289912
130,41.4253375355024
131,32.0229372106243
