anc_node,anc_trait
67,251.700438187756
68,156.412306789012
69,154.070408195976
70,185.837834167035
71,210.150974475665
72,210.711602795758
73,635.046177121933
74,169.082032395538
75,84.418206180937
76,104.719352976314
77,114.636485904262
78,138.361779609747
79,495.551883127395
80,146.280068413163
81,183.602698299325
82,242.932667292239
83,188.896116799876
84,91.2366181508775
85,173.425835237055
86,255.246020169704
87,204.622823509343
88,149.353570014037
89,371.705968688564
90,180.700475529692
91,121.059396231642
92,215.787517061557
93,199.182716527853
94,157.360388043589
95,146.805495630305
96,135.425664724379
97,98.0245548981805
98,91.9576700645827
99,120.996488300129
100,121.21903789777
101,21.685966511898
102,149.267039289369
103,85.5788345674989
104,68.9270064074111
105,77.8721477108632
106,47.2550754230257
107,29.6909439169423
108,91.8309152460179
109,80.0925717993351
110,37.9342758027086
111,59.2301954297374
112,70.2577243794825
113,85.44198156584
114,87.0893458280008
115,86.1693316986874
116,78.6492961418284
117,80.2035930037587
118,66.57969241981
119,66.8765102988318
120,74.3378174536746
121,69.1254861060706
122,36.7508811236202
123,15.0704671634062
124,46.382879733649
125,97.4673902916277
126,90.722521454346
127,56.8723697111307
128,58.4003690267129
129,19.7649600580441
130,26.1738348579105
131,20.669900057106
