anc_node,anc_trait
67,294.433303215194
68,250.71069981749
69,237.239728458613
70,200.229836663016
71,209.844667443103
72,260.84890669674
73,563.529479155766
74,131.708187891917
75,67.929280779671
76,163.828313041662
77,129.461549377785
78,125.467286328037
79,356.472945758463
80,205.016744617464
81,230.653435568544
82,258.544877933726
83,121.435167734293
84,96.6777169911458
85,143.707177494643
86,196.190207619391
87,266.159190750351
88,177.864633115063
89,150.150722406749
90,196.561280369181
91,224.861149676256
92,248.59766221022
93,219.035047185349
94,269.708181848878
95,131.567606078239
96,156.421546453121
97,159.549666272165
98,72.6305220210225
99,201.552635170674
100,154.659455763447
101,16.2750563181493
102,156.615657565925
103,98.9404077314575
104,83.7562715453137
105,84.4106174167615
106,84.97197357885
107,89.4817979204817
108,75.8955763231092
109,45.9705595312367
110,30.9587390428723
111,57.9289377926412
112,46.2710009228275
113,33.4261998841211
114,61.9563267926497
115,80.4379590522478
116,61.2733638618077
117,46.3020269196631
118,83.7562715453138
119,77.2128128308361
120,77.5242075151782
121,56.0018764717373
122,66.416105951948
123,63.8489883513591
124,69.4984379845357
125,31.4123728600152
126,83.5926850774518
127,83.101925673866
128,61.4177025385121
129,35.2528838242483
130,21.5108101879358
131,33.6384693388549
