anc_node,anc_trait
67,289.368631625065
68,-17190.5071769105
69,292.465169057985
70,349.725407899039
71,333.758763365328
72,656.038049083724
73,342.439528355637
74,281.478979955835
75,265.907938621429
76,288.724063072473
77,252.198247497212
78,167.512543090628
79,154.589212129534
80,216.660052528899
81,287.339630799499
82,14174.7810614203
83,83.4290986095899
84,84.7377903524853
85,291.996741239098
86,262.106418131795
87,209.390678863284
88,187.633678637646
89,194.995069691434
90,185.42526132151
91,311.187756865768
92,289.183708339258
93,251.732812288259
94,288.79332558993
95,286.60093565556
96,199.851542956085
97,193.522791480676
98,209.390678863284
99,222.47759629224
100,130.869174289553
101,104.102338485643
102,330.997171713835
103,55.292226137336
104,59.9339921629186
105,79.2780919875931
106,74.3500496432521
107,82.7747527381421
108,230.329746749613
109,173.49367332183
110,83.5108918435209
111,83.7562715453138
112,75.2497752164928
113,202.085520657825
114,72.4688052628398
115,78.8486775094555
116,77.0287780544914
117,80.0142310929718
118,71.978045859254
119,82.5907179617974
120,80.1880417150752
121,81.3063085852252
122,68.2973503323603
123,94.6347716581328
124,96.1556146015368
125,67.6736769236367
126,83.0763652882626
127,70.403014928209
128,68.7881097359462
129,75.6996380031132
130,318.669465746987
131,31.5721882973546
